# Copyright (c) 2024-2025 Ziqi Fan
# SPDX-License-Identifier: Apache-2.0

g1/whole_body_tracking/gangnam_style:
  model_name: "policy.pt"
  num_observations: 154
  observations: ["whole_body_tracking/motion_command", "whole_body_tracking/motion_anchor_ori_b", "ang_vel", "dof_pos", "dof_vel", "actions"]
  observations_history: []  # 0 is the latest observation
  observations_history_priority: "time"  # "time" or "term" priority
  clip_obs: 100.0
  clip_actions_lower: [-100.0, -100.0, -100.0, -100.0, -100.0, -100.0, -100.0, -100.0, -100.0, -100.0, -100.0, -100.0, -100.0, -100.0, -100.0, -100.0, -100.0, -100.0, -100.0, -100.0, -100.0, -100.0, -100.0, -100.0, -100.0, -100.0, -100.0, -100.0, -100.0]
  clip_actions_upper: [100.0, 100.0, 100.0, 100.0, 100.0, 100.0, 100.0, 100.0, 100.0, 100.0, 100.0, 100.0, 100.0, 100.0, 100.0, 100.0, 100.0, 100.0, 100.0, 100.0, 100.0, 100.0, 100.0, 100.0, 100.0, 100.0, 100.0, 100.0, 100.0]
  rl_kp: [40.20, 40.20, 40.20, 99.10, 99.10, 28.50, 40.20, 40.20, 28.50, 99.10, 99.10, 14.30, 14.30, 28.50, 28.50, 14.30, 14.30, 28.50, 28.50, 14.30, 14.30, 14.30, 14.30, 14.30, 14.30, 16.80, 16.80, 16.80, 16.80]
  rl_kd: [2.56, 2.56, 2.56, 6.31, 6.31, 1.81, 2.56, 2.56, 1.81, 6.31, 6.31, 0.91, 0.91, 1.81, 1.81, 0.91, 0.91, 1.81, 1.81, 0.91, 0.91, 0.91, 0.91, 0.91, 0.91, 1.07, 1.07, 1.07, 1.07]
  fixed_kp: [40.20, 40.20, 40.20, 99.10, 99.10, 28.50, 40.20, 40.20, 28.50, 99.10, 99.10, 14.30, 14.30, 28.50, 28.50, 14.30, 14.30, 28.50, 28.50, 14.30, 14.30, 14.30, 14.30, 14.30, 14.30, 16.80, 16.80, 16.80, 16.80]
  fixed_kd: [2.56, 2.56, 2.56, 6.31, 6.31, 1.81, 2.56, 2.56, 1.81, 6.31, 6.31, 0.91, 0.91, 1.81, 1.81, 0.91, 0.91, 1.81, 1.81, 0.91, 0.91, 0.91, 0.91, 0.91, 0.91, 1.07, 1.07, 1.07, 1.07]
  num_of_dofs: 29
  action_scale: [0.547546, 0.547546, 0.547546, 0.350661, 0.350661, 0.438577, 0.547546, 0.547546, 0.438577, 0.350661, 0.350661, 0.438577, 0.438577, 0.438577, 0.438577, 0.438577, 0.438577, 0.438577, 0.438577, 0.438577, 0.438577, 0.438577, 0.438577, 0.438577, 0.438577, 0.074501, 0.074501, 0.074501, 0.074501]
  wheel_indices: []
  lin_vel_scale: 1.0
  ang_vel_scale: 1.0
  dof_pos_scale: 1.0
  dof_vel_scale: 1.0
  commands_scale: [1.0, 1.0, 1.0]
  torque_limits: [88.0, 88.0, 88.0, 139.0, 139.0, 50.0, 88.0, 88.0, 50.0, 139.0, 139.0, 25.0, 25.0, 50.0, 50.0, 25.0, 25.0, 50.0, 50.0, 25.0, 25.0, 25.0, 25.0, 25.0, 25.0, 5.0, 5.0, 5.0, 5.0]
  default_dof_pos: [-0.312, -0.312, 0.000, 0.000, 0.000, 0.000, 0.000, 0.000, 0.000, 0.669, 0.669, 0.200, 0.200, -0.363, -0.363, 0.200, -0.200, 0.000, 0.000, 0.000, 0.000, 0.600, 0.600, 0.000, 0.000, 0.000, 0.000, 0.000, 0.000]
  joint_mapping: [0, 6, 12, 1, 7, 13, 2, 8, 14, 3, 9, 15, 22, 4, 10, 16, 23, 5, 11, 17, 24, 18, 25, 19, 26, 20, 27, 21, 28]
  waist_joint_indices: [12, 13, 14]  # waist_yaw, waist_roll, waist_pitch in SDK order
  motion_file: "G1_gangnam_style_V01.bvh_60hz.csv"
